# <point_id> <evaluation_point_x> <evaluation_point_y> <velocity_residual_x> <velocity_residual_y>  <plastic_strain> <plate>
# POINTS: 24
0 0 50000 0 0.000279358 
1 250000 50000 -0.00143209 9.91298e-05 
2 500000 50000 -0.0013658 -3.1967e-05 
3 750000 50000 -0.00128324 -1.33522e-05 
4 1e+06 50000 -0.00125917 4.55801e-05 
5 1.5e+06 50000 0 0 
6 0 100000 0 0.000160183 
7 250000 100000 -0.000272617 7.80612e-05 
8 500000 100000 -0.000132003 -5.52177e-05 
9 750000 100000 -0.000102502 -1.85734e-05 
10 1e+06 100000 -6.65646e-05 3.46107e-05 
11 1.5e+06 100000 0 0 
12 0 125000 0 -0.000156415 
13 250000 125000 0.000643198 7.74359e-06 
14 500000 125000 0.000773604 -4.9231e-05 
15 750000 125000 0.000781198 -2.00458e-05 
16 1e+06 125000 0.000817749 2.58869e-05 
17 1.5e+06 125000 0 0 
18 0 175000 0 1.70332e-05 
19 250000 175000 0.00202032 -2.89663e-05 
20 500000 175000 0.00172175 -2.48843e-05 
21 750000 175000 0.00155029 -9.24416e-06 
22 1e+06 175000 0.00153751 6.88662e-06 
23 1.5e+06 175000 0 0 
