# <point_id> <evaluation_point_x> <evaluation_point_y> <velocity_residual_x> <velocity_residual_y>  <plastic_strain> <plate>
# POINTS: 24
0 0 50000 0 0.000546667 
1 250000 50000 -0.0020303 0.00027228 
2 500000 50000 -0.00132266 -0.000111564 
3 750000 50000 -0.00225806 -0.000892371 
4 1e+06 50000 -0.00149034 0.0010066 
5 1.5e+06 50000 0 0 
6 0 100000 0 0.000806381 
7 250000 100000 -0.000481102 0.000431502 
8 500000 100000 -9.76315e-05 -0.000253621 
9 750000 100000 -0.000901061 -0.000345637 
10 1e+06 100000 0.000884277 0.000844834 
11 1.5e+06 100000 0 0 
12 0 125000 0 0.000304216 
13 250000 125000 0.000793476 0.000135885 
14 500000 125000 0.000780636 -0.000230061 
15 750000 125000 2.79371e-05 -0.000157691 
16 1e+06 125000 0.00166506 0.00044465 
17 1.5e+06 125000 0 0 
18 0 175000 0 9.52872e-05 
19 250000 175000 0.00339947 -8.78634e-05 
20 500000 175000 0.00241573 -7.94966e-05 
21 750000 175000 0.00192392 -1.57681e-05 
22 1e+06 175000 0.00220554 5.0319e-05 
23 1.5e+06 175000 0 0 
